r=        8.90000
A =      248.84555
